FALSE
 A | B | =
---+---+---
 0 | 0 | 0
 0 | 1 | 0
 1 | 0 | 0
 1 | 1 | 0

NOR
 A | B | =
---+---+---
 0 | 0 | 1
 0 | 1 | 0
 1 | 0 | 0
 1 | 1 | 0

B_NCONS_A
 A | B | =
---+---+---
 0 | 0 | 0
 0 | 1 | 1
 1 | 0 | 0
 1 | 1 | 0

NOT_A
 A | B | =
---+---+---
 0 | 0 | 1
 0 | 1 | 1
 1 | 0 | 0
 1 | 1 | 0

A_NCONS_B
 A | B | =
---+---+---
 0 | 0 | 0
 0 | 1 | 0
 1 | 0 | 1
 1 | 1 | 0

NOT_B
 A | B | =
---+---+---
 0 | 0 | 1
 0 | 1 | 0
 1 | 0 | 1
 1 | 1 | 0

XOR
 A | B | =
---+---+---
 0 | 0 | 0
 0 | 1 | 1
 1 | 0 | 1
 1 | 1 | 0

NAND
 A | B | =
---+---+---
 0 | 0 | 1
 0 | 1 | 1
 1 | 0 | 1
 1 | 1 | 0

AND
 A | B | =
---+---+---
 0 | 0 | 0
 0 | 1 | 0
 1 | 0 | 0
 1 | 1 | 1

NXOR
 A | B | =
---+---+---
 0 | 0 | 1
 0 | 1 | 0
 1 | 0 | 0
 1 | 1 | 1

B
 A | B | =
---+---+---
 0 | 0 | 0
 0 | 1 | 1
 1 | 0 | 0
 1 | 1 | 1

A_CONS_B
 A | B | =
---+---+---
 0 | 0 | 1
 0 | 1 | 1
 1 | 0 | 0
 1 | 1 | 1

A
 A | B | =
---+---+---
 0 | 0 | 0
 0 | 1 | 0
 1 | 0 | 1
 1 | 1 | 1

B_CONS_A
 A | B | =
---+---+---
 0 | 0 | 1
 0 | 1 | 0
 1 | 0 | 1
 1 | 1 | 1

OR
 A | B | =
---+---+---
 0 | 0 | 0
 0 | 1 | 1
 1 | 0 | 1
 1 | 1 | 1

TRUE
 A | B | =
---+---+---
 0 | 0 | 1
 0 | 1 | 1
 1 | 0 | 1
 1 | 1 | 1
